R1 = 1.02166163214 
R2 = 2.05713464724 
R3 = 3.10288701080 
R4 = 4.16870321182 
R5 = 3.01167607597 
R6 = 2.04520070018 
R7 = 1.02576029486 
Vs = 5.24841080700 
C  = 1.00334118042 
Kb = 7.24529394385 
Kd = 8.29202733390 

